2399922302
2399370010
2399931007
2399509286
2399501271
2399567356
2399605753
2399497097
2399827394
2399453718
2399347598
2399804087
2399401008
2399702082
2399465653
2399234771
2399060247
2399924315
2399059362
2399807072
2399478605
2399135319
2399488650
2399923416
2399871500
2399969068
2399751925
2399543298
2399366283
2399538060
2399895544
2399202220
2399704416
2399426777
2399702213
2399176805
2399637165
2399455772
2399908453
2399033049
2399280811
2399382298
2399189864
2399046405
2399245847
2399541720
2399598139
2399112961
2399219084
2399403027
2399594536
2399373161
2399447514
2399281460
2399616776
2399295296
2399469878
2399641163
2399220611
2399695098
2399861169
2399730530
2399934065
2399913388
2399441643
2399356483
2399659168
2399597801
2399778123
2399836355
2399649427
2399746655
2399442804
2399802746
2399465564
2399207979
2399857107
2399128259
2399325812
2399492693
2399025138
2399535523
2399086393
2399011274
2399462422
2399920995
2399449130
2399600547
2399284869
2399583674
2399744168
2399846780
2399530127
2399634575
2399454621
2399957799
2399814311
2399757579
2399218189
2399842304
2399048090
2399615920
2399376368
2399169963
2399121873
2399158898
2399336452
2399853211
2399955702
2399792594
2399036278
2399331917
2399537089
2399269005
2399396866
2399674418
2399456155
2399689929
2399100490
2399848638
2399587187
2399736354
2399536841
2399391017
2399782617
2399624598
2399885645
2399489497
2399095826
2399141965
2399876339
2399892350
2399907672
2399975654
2399342225
2399418628
2399496852
2399212013
2399714706
2399669642
2399137535
2399469419
2399854402
2399269401
2399183425
2399279105
2399925378
2399307195
2399224338
2399206045
2399696586
2399998315
2399518757
2399500262
2399477526
2399492557
2399178587
2399790226
2399748811
2399685579
2399958293
2399643695
2399813948
2399284096
2399010744
2399130255
2399825981
2399024318
2399978085
2399426787
2399014959
2399001241
2399336848
2399758459
2399555726
2399554929
2399282698
2399555116
2399662123
2399460030
2399262114
2399070246
2399128230
2399627059
2399659630
2399674590
2399970741
2399703849
2399519267
2399606493
2399738771
2399782877
2399039554
2399344585
2399428962
2399605789
2399242344
2399751090
2399698082
2399245807
2399999371
2399555579
2399200608
2399680824
2399097792
2399639747
2399123627
2399680949
2399004060
2399659678
2399587939
2399246057
2399275825
2399907781
2399824879
2399825234
2399580156
2399752312
2399992030
2399088636
2399767839
2399789833
2399832390
2399424860
2399855292
2399993358
2399383781
2399567146
2399643394
2399639827
2399532044
2399786164
2399663096
2399231889
2399870856
2399531732
2399977109
2399082035
2399479200
2399420752
2399246219
2399112257
2399747334
2399571431
2399956191
2399180609
2399107462
2399668338
2399262897
2399351662
2399909919
2399776803
2399629077
2399527441
2399091539
2399561998
2399924822
2399269706
2399382533
2399070076
2399372441
2399196858
2399965865
2399966292
2399762147
2399127401
2399705442
2399220924
2399757660
2399002904
2399990073
2399384355
2399799940
2399917968
2399486932
2399227716
2399916567
2399678123
2399973461
2399514258
2399528083
2399540510
2399102673
2399674210
2399316515
2399251120
2399538209
2399597482
2399954211
2399670892
2399790567
2399404753
2399337038
2399586820
2399195719
2399791922
2399326812
2399203629
2399068258
2399686805
2399089938
2399637574
2399226741
2399376816
2399307718
2399072815
2399287818
2399829220
2399235044
2399868637
2399304962
2399013157
2399390927
2399357844
2399878381
2399890491
2399974414
2399665975
2399688858
2399151258
2399059214
2399218098
2399499925
2399606515
2399085878
2399354864
2399402798
2399918778
2399381215
2399237846
2399097541
2399351543
2399706961
2399250027
2399345346
2399896261
2399876564
2399183401
2399567945
2399184829
2399073773
2399976047
2399234717
2399483571
2399311515
2399994001
2399549539
2399438267
2399649071
2399657646
2399077533
2399336758
2399717940
2399224423
2399695955
2399052608
2399427642
2399347491
2399756648
2399540784
2399795660
2399923650
2399826244
2399161330
2399474699
2399130796
2399965498
2399613366
2399626411
2399106603
2399609084
2399788901
2399002005
2399561726
2399285381
2399527926
2399924847
2399728301
2399595172
2399241349
2399157368
2399692084
2399061551
2399907246
2399022267
2399162548
2399247074
2399508821
2399807388
2399276856
2399972057
2399301765
2399311503
2399921976
2399073110
2399664588
2399399246
2399249798
2399559907
2399269806
2399268591
2399881226
2399278495
2399378366
2399136754
2399420287
2399985016
2399958079
2399791668
2399348105
2399804819
2399849947
2399762255
2399161420
2399686979
2399346432
2399672730
2399359077
2399004915
2399516492
2399083139
2399703349
2399228234
2399919242
2399791952
2399964578
2399203259
2399886882
2399319139
2399375370
2399155944
2399097019
2399472240
2399350764
2399927238
2399886045
2399384192
2399043350
2399531590
2399496757
2399482486
2399092493
2399243328
2399480939
2399150835
2399365196
2399387816
2399113560
2399722806
2399431887
2399377234
2399912145
2399760589
2399122175
2399281955
2399254787
2399628621
2399839635
2399559067
2399513525
2399017157
2399065188
2399267944
2399649903
2399530990
2399065508
2399393048
2399136532
2399941803
2399783039
2399775076
2399231958
2399496803
2399415167
2399285517
2399799492
2399245212
2399792155
2399295351
2399622880
2399358448
2399000991
2399295737
2399849715
2399447320
2399430508
2399773999
2399697907
2399690650
2399951139
2399694658
2399763807
2399340549
2399513129
2399596107
2399893218
2399804767
2399402049
2399851176
2399430714
2399669227
2399185107
2399834687
2399541245
2399692165
2399258287
2399643667
2399153637
2399246084
2399174879
2399847459
2399537301
2399915157
2399593001
2399410997
2399033057
2399667045
2399440158
2399361080
2399482323
2399339681
2399638475
2399053453
2399585459
2399426328
2399167487
2399216391
2399714192
2399782203
2399824307
2399872549
2399481145
2399194818
2399488140
2399374399
2399662227
2399846579
2399615699
2399731413
2399071167
2399918096
2399621284
2399911363
2399462989
2399132016
2399739615
2399499142
2399199798
2399238935
2399320086
2399799965
2399519728
2399786680
2399037294
2399743966
2399903181
2399605658
2399606812
2399455723
2399600152
2399743970
2399413132
2399326015
2399713352
2399463755
2399479259
2399240020
2399680466
2399104066
2399393053
2399509248
2399035980
2399862919
2399669848
2399173223
2399019580
2399221046
2399695448
2399939335
2399601851
2399212182
2399816560
2399800433
2399744559
2399155423
2399266011
2399777252
2399125459
2399605737
2399605399
2399134970
2399687375
2399525498
2399177013
2399099280
2399250915
2399011396
2399107224
2399831045
2399966307
2399981189
2399339667
2399318097
2399918957
2399388089
2399246855
2399640528
2399076748
2399835711
2399718166
2399664309
2399745794
2399850002
2399516893
2399243018
2399416818
2399824059
2399291465
2399521378
2399821851
2399623356
2399069998
2399249288
2399168296
2399452052
2399166217
2399539078
2399521576
2399685964
2399539876
2399276751
2399689210
2399673653
2399274889
2399824396
2399904035
2399705338
2399678412
2399055061
2399457254
2399782092
2399731092
2399235115
2399666773
2399423376
2399745219
2399848878
2399393631
2399073760
2399930571
2399651236
2399030172
2399396773
2399123078
2399748533
2399487209
2399136403
2399329374
2399132705
2399200927
2399011480
2399274312
2399865723
2399833517
2399326703
2399322950
2399885417
2399469787
2399701461
2399855673
2399791463
2399373225
2399960132
2399531798
2399608540
2399089568
2399582369
2399454580
2399806034
2399607500
2399180849
2399109383
2399046801
2399792550
2399532183
2399182104
2399947986
2399136094
2399566777
2399888135
2399817123
2399957967
2399667561
2399106533
2399359366
2399063128
2399270946
2399438265
2399199959
2399672758
2399880695
2399933899
2399202746
2399723404
2399290293
2399021785
2399212835
2399116499
2399327064
2399595130
2399919844
2399495856
2399144256
2399879441
2399948981
2399663690
2399359624
2399889767
2399156583
2399074244
2399425242
2399592338
2399434803
2399932697
2399177783
2399860992
2399095614
2399924934
2399231062
2399285121
2399263782
2399236328
2399487792
2399967007
2399588752
2399524316
2399643711
2399371049
2399713532
2399315603
2399090093
2399798471
2399052307
2399310699
2399600238
2399150772
2399919386
2399540513
2399760954
2399954862
2399826058
2399355471
2399952064
2399598721
2399242601
2399988008
2399619868
2399987333
2399864177
2399750146
2399726044
2399111696
2399877709
2399965504
2399607659
2399524607
2399959694
2399763284
2399654116
2399951227
2399248700
2399228573
2399691397
2399541542
2399269606
2399912185
2399347662
2399639516
2399327919
2399711499
2399592011
2399076310
2399160541
2399546380
2399179282
2399735803
2399567663
2399549323
2399362165
2399546944
2399786618
2399948040
2399492721
2399440923
2399851075
2399453682
2399432217
2399430112
2399712266
2399774129
2399073038
2399331244
2399599862
2399156602
2399675698
2399613277
2399376625
2399387980
2399739078
2399175084
2399002160
2399163509
2399212731
2399904615
2399984293
2399564300
2399087611
2399576148
2399165669
2399158865
2399279844
2399038288
2399628344
2399231409
2399788311
2399909428
2399339561
2399628109
2399911017
2399359981
2399943834
2399050094
2399825615
2399029444
2399316402
2399866603
2399461760
2399782741
2399435200
2399021274
2399122603
2399009743
2399913456
2399494910
2399878684
2399075487
2399492712
2399284089
2399860287
2399283325
2399774076
2399045593
2399517530
2399868158
2399444150
2399087708
2399513585
2399565926
2399003050
2399806447
2399488178
2399566347
2399228519
2399909141
2399358518
2399469957
2399941995
2399952681
2399918404
2399785316
2399895669
2399389474
2399377523
2399162452
2399049916
2399928140
2399714751
2399602367
2399667657
2399655689
2399067095
2399526930
2399621062
2399652168
2399571304
2399892497
2399809933
2399596673
2399215717
2399566965
2399871349
2399443717
2399149602
2399308657
2399566411
2399784593
2399432919
2399532681
2399686806
2399548741
2399014736
2399609793
2399774454
2399240850
2399478657
2399204807
2399171254
2399219544
2399320651
2399213536
2399321587
2399020019
2399978423
2399261296
2399456439
2399423356
2399196564
2399219654
2399803275
2399637123
2399271099
2399151660
2399358439
2399193795
2399317623
2399887514
2399855906
2399097328
2399184147
2399703367
2399946877
2399822409
2399825844
2399882398
2399419169
2399529975
2399383559
2399187350
2399564419
2399476667
2399520110
2399339872
2399465284
2399572058
2399809478
2399160531
2399486477
2399412607
2399674054
2399180680
2399495385
2399270800
2399730237
2399136884
2399041254
2399982547
2399396686
2399696589
2399355338
2399256632
2399350735
2399328151
2399587350
2399510855
2399570141
2399376618
2399171601
2399749868
2399587340
2399909847
2399176547
2399098975
2399726369
2399344141
2399346909
2399091596
2399796494
2399604440
2399112487
2399998795
2399820989
2399563947
2399175560
2399371231
2399334396
2399385873
2399311906
2399492366
2399445666
2399043582
2399789364
2399682246
2399742457
2399793025
2399980975
2399404971
2399505264
2399162398
2399622022
2399491158
2399336325
2399319541
2399082114
2399245561
2399311991
2399633856
2399867823
2399810158
2399863886
2399126306
2399806973
2399950360
2399799588
2399512925
2399926976
2399329370
2399700572
2399950874
2399438946
2399739795
2399733226
2399573467
2399142399
2399351207
2399777891
2399981261
2399483182
2399243046
2399503106
2399233603
2399187069
2399201225
2399085600
2399843138
2399462678
2399700718
2399481271
2399990779
2399669114
2399401810
2399470637
2399602369
2399840434
2399711005
2399195760
2399786265
2399177996
2399537722
2399682466
2399367052
2399537636
2399968665
2399388231
2399990694
2399166939
2399660578
2399498015
2399338894
2399321443
2399305379
2399605153
2399979463
2399740318
2399198710
2399562040
2399529694
2399153505
2399754262
2399532491
2399020860
2399241292
2399722341
2399524751
2399531851
2399847344
2399921020
2399263789
2399647818
2399810292
2399161199
2399752793
2399036332
2399788001
2399723736
2399142983
2399100744
2399177802
2399740609
2399607313
2399044290
2399321726
2399840488
2399854186
2399606674
2399669304
2399464186
2399520783
2399800879
2399910137
2399358162
2399966079
2399516551
2399780191
2399722630
2399511515
2399718150
2399047531
2399421336
2399552542
2399883377
2399924218
2399928487
2399888209
2399703862
2399659493
2399311750
2399908671
2399428589
2399568293
2399258067
2399305637
2399554152
2399035926
2399453857
2399840569
2399936836
2399689960
2399355312
2399127358
2399614945
2399474017
2399160610
2399598484
2399109669
2399155836
2399343856
2399091225
2399962348
2399509516
2399526305
2399702941
2399931250
2399845986
2399768520
2399579057
2399287724
2399510676
2399416778
2399873116
2399475618
2399078481
2399144523
2399022505
2399553581
2399082483
2399016650
2399316146
2399792883
2399422550
2399995954
2399846178
2399894953
2399457999
2399840926
2399572042
2399534700
2399806921
2399820955
2399427721
2399446521
2399099702
2399862889
2399649864
2399217442
2399687512
2399267278
2399809662
2399234746
2399379781
2399273003
2399368973
2399144605
2399290176
2399073154
2399031380
2399293378
2399781899
2399777533
2399472376
2399818809
2399588379
2399915850
2399813218
2399724734
2399729793
2399024581
2399490764
2399563857
2399402038
2399093094
2399348592
2399218821
2399623883
2399123728
2399409824
2399072086
2399904906
2399284050
2399978020
2399868124
2399628038
2399751960
2399257587
2399327848
2399724869
2399431519
2399443712
2399685339
2399141010
2399533467
2399198952
2399960448
2399474455
2399464276
2399523884
2399982955
2399030851
2399540998
2399205039
2399491476
2399214449
2399231527
2399645435
2399330828
2399702458
2399884523
2399837557
2399794702
2399518074
2399482060
2399979826
2399104718
2399760241
2399641428
2399223171
2399255168
2399363894
2399829188
2399472238
2399562002
2399933621
2399356558
2399171715
2399097254
2399716318
2399379706
2399395119
2399859374
2399201399
2399259898
2399508176
2399417127
2399566732
2399566148
2399988885
2399507890
2399238187
2399857997
2399486008
2399472279
2399255919
2399516189
2399021455
2399741346
2399408094
2399741533
2399340783
2399062095
2399349300
2399367946
2399108190
2399662446
2399331942
2399506248
2399466159
2399998281
2399913256
2399771914
2399930019
2399746171
2399342285
2399768455
2399547892
2399758222
2399499590
2399431590
2399826407
2399117079
2399692056
2399623843
2399501174
2399858419
2399219142
2399373118
2399141498
2399276982
2399819756
2399278648
2399442255
2399828009
2399097014
2399890204
2399879028
2399278820
2399092060
2399736793
2399093350
2399732537
2399146307
2399608235
2399176355
2399039657
2399523555
2399022754
2399569562
2399387633
2399364234
2399267598
2399450155
2399788722
2399635820
2399023991
2399400548
2399595255
2399669486
2399238147
2399914146
2399718920
2399009722
2399227796
2399749833
2399889306
2399652871
2399748085
2399066060
2399667791
2399710313
2399701799
2399024949
2399096218
2399698309
2399352406
2399984545
2399551373
2399439807
2399461868
2399535916
2399887115
2399449330
2399655584
2399122448
2399280403
2399073920
2399374108
2399906520
2399546207
2399598698
2399938693
2399170373
2399271666
2399855956
2399439822
2399163505
2399692100
2399588109
2399160034
2399003300
2399534250
2399456099
2399060738
2399737255
2399862438
2399329001
2399093065
2399684961
2399622931
2399612962
2399892154
2399283961
2399632302
2399419593
2399599754
2399186893
2399895017
2399404924
2399506941
2399630280
2399152176
2399206704
2399208285
2399372035
2399232198
2399448817
2399554722
2399017415
2399922625
2399957636
2399909858
2399542251
2399425232
2399623709
2399427515
2399165580
2399524433
2399929933
2399358026
2399055081
2399290666
2399100003
2399474477
2399297310
2399276817
2399417666
2399511049
2399138900
2399978935
2399161394
2399847439
2399003089
2399799414
2399031164
2399194877
2399061714
2399605924
2399133115
2399622241
2399903909
2399555372
2399590965
2399595666
2399252953
2399102176
2399531810
2399514979
2399111681
2399355330
2399213160
2399058473
2399320635
2399448440
2399522797
2399442129
2399353062
2399280879
2399218000
2399683468
2399905934
2399738308
2399727163
2399607237
2399070890
2399731685
2399584702
2399630846
2399266459
2399293740
2399933386
2399911879
2399331973
2399222635
2399740700
2399275810
2399142696
2399514199
2399631171
2399783840
2399925824
2399430213
2399806323
2399911969
2399390259
2399522656
2399532589
2399527444
2399808289
2399923592
2399466922
2399748913
2399308200
2399704702
2399503370
2399685928
2399208354
2399247208
2399582705
2399127144
2399275920
2399629344
2399317144
2399443991
2399617845
2399870853
2399805773
2399727020
2399776248
2399470105
2399248178
2399215816
2399601634
2399598705
2399889650
2399721872
2399342371
2399562262
2399267898
2399405008
2399598612
2399960531
2399786891
2399575716
2399045757
2399023262
2399975432
2399169444
2399439585
2399464040
2399322099
2399451981
2399971849
2399339095
2399060206
2399976682
2399028719
2399656305
2399756205
2399946718
2399616819
2399943446
2399478299
2399520890
2399552134
2399843399
2399745111
2399902999
2399374557
2399287088
2399978819
2399135788
2399455189
2399079983
2399963471
2399492066
2399373742
2399642100
2399336529
2399023945
2399821363
2399765570
2399889089
2399942049
2399077802
2399970191
2399708629
2399707564
2399812283
2399712491
2399793050
2399292116
2399553337
2399974489
2399521307
2399346974
2399758137
2399913055
2399987572
2399853455
2399143106
2399019634
2399667458
2399964655
2399677783
2399885834
2399290941
2399882708
2399938212
2399967456
2399956428
2399102630
2399563768
2399606041
2399299499
2399657219
2399866259
2399209415
2399693458
2399314415
2399912378
2399117647
2399677068
2399083761
2399723006
2399496484
2399734224
2399962581
2399688894
2399674766
2399396906
2399417647
2399499465
2399999338
2399507280
2399248065
2399119948
2399596580
2399509669
2399277783
2399603510
2399019041
2399152848
2399946339
2399682866
2399481900
2399258668
2399157610
2399316970
2399819341
2399750656
2399835980
2399032103
2399972889
2399034601
2399477512
2399207607
2399349131
2399546410
2399592517
2399383557
2399839566
2399716525
2399853215
2399653838
2399947772
2399229912
2399752366
2399614131
2399224236
2399292084
2399096456
2399282084
2399269586
2399929666
2399635810
2399742781
2399118976
2399982570
2399632632
2399614863
2399637942
2399794895
2399615980
2399296507
2399864058
2399388275
2399653180
2399705170
2399131543
2399983907
2399256743
2399404638
2399058378
2399180942
2399673575
2399121318
2399243855
2399119124
2399864666
2399744010
2399027287
2399492290
2399546448
2399527639
2399418226
2399713276
2399184659
2399029235
2399680386
2399416598
2399527498
2399729304
2399054975
2399925096
2399719302
2399405281
2399236427
2399746436
2399184942
2399034509
2399461915
2399043934
2399389732
2399788047
2399688507
2399983795
2399011010
2399068479
2399883991
2399786491
2399079179
2399812532
2399526200
2399642805
2399744855
2399061435
2399279525
2399797916
2399024535
2399096472
2399126739
2399536881
2399302006
2399784550
2399821405
2399741909
2399331716
2399984789
2399448171
2399758851
2399001201
2399331267
2399682192
2399338943
2399273180
2399378971
2399901652
2399867219
2399734268
2399811678
2399162304
2399179716
2399154086
2399448590
2399037985
2399218627
2399442689
2399462693
2399652992
2399376906
2399200312
2399257223
2399160460
2399103588
2399847361
2399207993
2399784776
2399915915
2399074599
2399472573
2399096178
2399827583
2399918295
2399002240
2399329773
2399787237
2399123377
2399774816
2399781183
2399488782
2399628546
2399956619
2399045111
2399270782
2399276139
2399488898
2399356687
2399664951
2399104995
2399696035
2399919645
2399512644
2399250520
2399967055
2399733927
2399003429
2399790932
2399798323
2399642855
2399194659
2399354789
2399726244
2399738438
2399946736
2399246610
2399562845
2399243677
2399324471
2399222305
2399907331
2399739915
2399879153
2399589319
2399844931
2399158179
2399893425
2399156088
2399230259
2399480069
2399725075
2399317802
2399522533
2399386475
2399177633
2399031952
2399406562
2399599198
2399826268
2399564480
2399026439
2399166838
2399765383
2399847771
2399566125
2399712012
2399755575
2399392016
2399749472
2399151163
2399091992
2399894412
2399943543
2399810513
2399148181
2399502089
2399129745
2399344797
2399439788
2399325680
2399608291
2399906472
2399836183
2399989403
2399349913
2399020989
2399351798
2399330500
2399939026
2399922416
2399198241
2399838567
2399916611
2399766755
2399468884
2399594073
2399015199
2399311545
2399080688
2399431532
2399963084
2399924147
2399256801
2399281056
2399587814
2399458363
2399576699
2399608797
2399684350
2399502324
2399833316
2399530512
2399533014
2399036173
2399416145
2399261299
2399947737
2399424770
2399630760
2399847234
2399779672
2399665393
2399806100
2399933654
2399764172
2399368154
2399150240
2399647655
2399422570
2399522827
2399035343
2399396676
2399321640
2399984730
2399414047
2399885557
2399815297
2399740501
2399426859
2399752832
2399472036
2399092407
2399664315
2399993247
2399495408
2399192726
2399776843
2399228634
2399454267
2399765083
2399755690
2399901066
2399174623
2399551760
2399461011
2399986274
2399449979
2399814885
2399022019
2399210114
2399483724
2399478564
2399030515
2399486201
2399587722
2399916658
2399835244
2399200260
2399629192
2399094655
2399707596
2399822889
2399999238
2399787211
2399864644
2399395644
2399392719
2399843926
2399605424
2399616269
2399850225
2399414251
2399194394
2399877734
2399028976
2399225532
2399336931
2399410149
2399564992
2399834521
2399582033
2399533522
2399509549
2399772107
2399362560
2399433870
2399009019
2399499628
2399253403
2399919744
2399579409
2399042189
2399688754
2399873660
2399793456
2399643202
2399420983
2399068511
2399945252
2399772503
2399006214
2399377536
2399045559
2399965224
2399694813
2399381257
2399816825
2399957513
2399403313
2399554820
2399219059
2399139992
2399916671
2399511866
2399147888
2399089506
2399222783
2399839241
2399949434
2399878254
2399775150
2399716217
2399785459
2399171820
2399303823
2399457380
2399195224
2399007455
2399913693
2399659725
2399628068
2399446958
2399085046
2399883821
2399975034
2399045239
2399385249
2399117920
2399713749
2399044807
2399790059
2399161089
2399435362
2399840137
2399093015
2399913458
2399037738
2399307482
2399491599
2399327139
2399114232
2399766320
2399647306
2399629487
2399414613
2399031555
2399341241
2399173458
2399083824
2399129118
2399546221
2399528050
2399560774
2399521625
2399552909
2399410568
2399571324
2399231734
2399962494
2399742702
2399766639
2399654272
2399930418
2399533481
2399565212
2399341259
2399405862
2399524512
2399949281
2399571215
2399866019
2399539731
2399174807
2399560657
2399181402
2399518288
2399430446
2399009589
2399334578
2399903717
2399084552
2399278613
2399589334
2399755573
2399091591
2399708761
2399588517
2399472675
2399197237
2399681607
2399765658
2399637452
2399537468
2399531575
2399015648
2399461350
2399173643
2399936896
2399958073
2399748406
2399368626
2399782946
2399424927
2399450394
2399963607
2399935622
2399275285
2399259753
2399715114
2399006518
2399555616
2399997022
2399414483
2399677104
2399229468
2399911828
2399086293
2399676491
2399023244
2399691487
2399045006
2399500425
2399043631
2399378371
2399787335
2399253004
2399003778
2399463374
2399837357
2399564715
2399932909
2399909039
2399651304
2399207877
2399904590
2399864623
2399441994
2399175975
2399855830
2399758652
2399623416
2399054485
2399164611
2399634118
2399180662
2399026885
2399586511
2399464879
2399984033
2399945737
2399025257
2399308239
2399740474
2399819091
2399728255
2399528817
2399518086
2399041174
2399510594
2399012890
2399864439
2399386728
2399489033
2399917821
2399204841
2399243700
2399885679
2399565763
2399175012
2399782225
2399966664
2399001551
2399675424
2399525947
2399622344
2399528977
2399072333
2399100756
2399211558
2399694633
2399878582
2399813593
2399405637
2399757300
2399057313
2399077815
2399590284
2399163865
2399964765
2399920584
2399142383
2399913909
2399184492
2399876333
2399177767
2399210800
2399001417
2399832530
2399722171
2399409555
2399361434
2399619632
2399787008
2399148359
2399167375
2399466500
2399321066
2399182821
2399868209
2399862464
2399978436
2399374904
2399728724
2399796822
2399331888
2399745931
2399832127
2399424069
2399105370
2399381010
2399813393
2399517985
2399479721
2399804471
2399527672
2399909401
2399457863
2399328953
2399606849
2399923556
2399806743
2399520167
2399772703
2399772272
2399303876
2399462348
2399661168
2399858228
2399341881
2399788792
2399645628
2399608161
2399081389
2399444502
2399114880
2399364315
2399697048
2399899297
2399665739
2399347165
2399399165
2399327201
2399774292
2399103246
2399905176
2399205562
2399393092
2399603609
2399236016
2399123399
2399492865
2399717613
2399196361
2399263690
2399591249
2399676423
2399616570
2399348504
2399645772
2399799774
2399456151
2399001382
2399924791
2399797147
2399560225
2399958508
2399787769
2399997939
2399467055
2399514386
2399524203
2399444257
2399223242
2399783681
2399677194
2399000214
2399971882
2399189619
2399004675
2399003096
2399929067
2399900453
2399913883
2399608853
2399930882
2399245114
2399348049
2399237056
2399078969
2399056593
2399399143
2399796872
2399033582
2399560719
2399123799
2399833170
2399335165
2399605518
2399411859
2399121711
2399373048
2399850233
2399114098
2399768413
2399023351
2399438992
2399612104
2399195299
2399643482
2399932962
2399131671
2399930015
2399990091
2399950932
2399772987
2399648774
2399870567
2399272828
2399718705
2399869502
2399364474
2399179844
2399509944
2399088956
2399665174
2399960411
2399111983
2399219372
2399250388
2399633484
2399114018
2399635135
2399751252
2399201442
2399456323
2399929104
2399184670
2399302166
2399399223
2399777193
2399074417
2399183222
2399195337
2399746268
2399284588
2399557669
2399934171
2399451444
2399860335
2399534646
2399271021
2399183116
2399655110
2399179341
2399290593
2399917676
2399051926
2399288679
2399979864
2399258889
2399817978
2399679124
2399205863
2399771094
2399198036
2399687038
2399207618
2399520045
2399314889
2399051817
2399706819
2399206839
2399202612
2399737653
2399056653
2399653677
2399776869
2399728025
2399381090
2399234296
2399614590
2399174049
2399816181
2399944162
2399498346
2399729186
2399239355
2399961898
2399690076
2399938421
2399262464
2399565464
2399445842
2399894930
2399442660
2399985169
2399970447
2399697581
2399473976
2399795506
2399547733
2399446216
2399756968
2399190282
2399016268
2399676425
2399191917
2399437697
2399627342
2399973164
2399099032
2399688398
2399699702
2399617079
2399645105
2399607703
2399262036
2399012014
2399188056
2399570613
2399957555
2399522011
2399740057
2399880608
2399105211
2399593244
2399491837
2399794141
2399851607
2399573207
2399649397
2399785231
2399031974
2399507231
2399748457
2399125038
2399354606
2399512168
2399259749
2399010791
2399884406
2399678290
2399490774
2399968686
2399506301
2399562028
2399991911
2399327479
2399972119
2399957713
2399514442
2399017976
2399706469
2399396820
2399525494
2399072033
2399855259
2399477056
2399679631
2399985840
2399758113
2399212736
2399190961
2399330461
2399436252
2399697299
2399060814
2399285022
2399584541
2399073842
