303335914
495297986
891731147
270578956
765652817
822282978
78482364
372461418
672922665
540195428
384047633
408131944
417267294
303251121
522202967
303625406
441000349
378189779
1194901546
1215108821
303952392
506229303
463954080
3389754
367355808
694505424
275722374
285658404
451277905
12275862
260776482
494651693
474358736
124978403
371949817
382000465
894246755
836673029
50356526
195215947
435733730
503381415
277358394
75362361
844859158
604710025
875171559
363142904
328004680
215252183
459064136
429256469
315489624
605267237
413832489
55156340
1159887159
644768615
1064487255
553875246
245985177
155228
413506882
854148979
531035540
409881362
542917338
293301045
553522498
511879100
541630546
354615465
512484563
843739051
552449641
179158034
454663145
285175812
274507389
461326749
545532087
137054649
287489296
361462140
453737613
840746198
785439553
1015509560
718517191
932103285
414912435
465764897
594457859
438548510
87382566
892474332
506257826
644436409
1056998169
838017963
370012138
314518122
919411961
690817649
137387162
315016670
718424771
729962479
444149340
635517831
362723001
986104894
764844929
1114615139
791536240
117743582
342594502
395897694
724014752
360029473
277608905
592552236
46828
313510260
565163466
717817502
385432316
818446
568047662
718791466
63870110
644308576
270618389
623339185
627904037
510116138
61359343
295866461
604047107
294181952
604630368
451105437
283220166
583222972
583476429
707316828
574852570
68205441
853607404
522497961
289420416
32533363
413760557
283709792
562830514
728423008
737548875
545663721
48535643
280104807
24631884
411655545
76950604
324132429
118085530
328971694
943714987
420614013
373798763
52579842
739470944
289737559
358920195
352943760
5723351
669505431
626630530
347997365
412495849
350344395
275623222
335040303
735057887
64254320
549975724
125503495
345421335
554615715
767189589
348284379
523448014
312383767
124567506
55488132
703198763
403590841
380642347
63865825
464716775
290244468
654165316
363307416
67703560
641571424
670647786
287389081
738430597
184082149
393016362
512495972
89600964
603329854
656548951
88109795
59651471
303310107
164605992
123323014
274186859
362904865
16095446
282785384
917754186
375722146
17871424
515731069
362220877
422626465
728524982
514347934
420421464
452860952
563131609
420283208
4370902
240233326
327243222
15435267
80399110
137857001
919816068
273005292
1047776959
475756521
197475513
414451608
252162053
994280854
562754854
244032344
296391755
505752446
506940228
448717930
21125755
420331064
272516285
513471195
262859727
413935224
503984150
930446361
598795041
503284381
191980180
249889988
523172221
917957944
296310101
497479508
76549803
409941947
372360089
184208932
290531291
452797506
403268938
89563510
495959880
496417342
8780263
376574093
184585603
405579163
121446474
152897445
705106936
359271076
185058805
496476518
397518828
381669500
871239623
258418886
253462712
872574032
869175641
85616405
952822513
10103263
354430475
260608256
315192529
191758669
281980374
867737982
459622585
925301689
139588366
752942431
383338750
9374267
463667168
648273601
344121983
328103105
531733109
379935871
229586745
31430782
840892802
837875651
393374542
51741211
325827897
493725149
309159838
251292676
584233429
740289633
598472769
452984474
313821114
489638
903270772
718477672
495048372
327766543
498683516
315050923
574092825
374913280
328087805
918718775
541057793
540450618
410609048
497191046
395764080
429192108
378241565
771566191
499288628
350423654
252964614
350988084
277264569
279366579
543974285
749335732
150344243
277601904
331089483
929459648
124437011
670886928
10279327
26393531
453967186
448286108
597433778
136841829
930790309
404669867
496967224
284078268
466713955
179296091
799671887
59128273
672604100
369644039
4960338
530947898
924660156
343854210
403381077
526084643
87934663
274186003
445166132
70478609
296023214
965349051
416939409
287382247
363999701
364532758
550861751
420845935
287974033
315184931
421318193
1011365976
502908683
61607874
648354816
416105019
609433989
359311170
645976842
978910131
308878211
106330822
807680829
664997576
929439724
958431934
290847551
726730372
121364866
308054436
850509797
164955021
492913741
121614141
846957995
675115029
245760966
133340062
183112675
460013346
459477447
810067306
673653527
1033489896
451981948
99884814
465710080
304432064
943799376
223351860
977993850
200918882
445461646
651795143
78828574
76592776
391856575
651392870
136833339
527430302
286008506
1013265596
527778774
474073326
715332204
569856009
568354756
542635892
120671025
172980073
125084402
598789299
873232031
1448369
712990555
466724889
693313836
583862940
415491751
329324724
365384230
545752636
332156347
51233079
414868443
393777623
53318485
393961045
365891736
154702191
252546462
695638383
262855640
373599703
1045446511
363329131
417806351
451573287
513538007
360948634
1141886032
191005327
609701431
244389272
362266788
864972450
1107651399
939087603
271507696
357787561
254894294
27694886
1078617141
631265481
826595616
237948867
623903644
22559659
1140784238
59562025
58751510
397069725
313380164
309328959
349853817
376482756
251352660
397943427
413939389
280944344
445221454
527609687
838488751
429308864
296294931
65608825
654403314
1066725539
1065686684
366810613
191416464
598127276
530123918
414474800
405146978
215324096
565331565
764607130
360630293
308739513
1219469489
314072729
498261957
296307593
823350977
458369434
709380527
451587272
284363153
845032084
280327942
309722162
312381413
308291787
448087658
22008697
724571354
664310000
369666034
657217721
718049629
513396692
412927465
350219910
991859419
252302771
22882154
715472138
532390468
604528977
419199563
904462973
470950718
315686799
7442424
653568281
392323735
112086442
371222677
573357797
373050452
447894093
280321767
490184092
563836594
359392020
623899164
329759681
522177998
1025764440
489661080
615816444
737365492
290517549
237243822
361460765
455326273
214753015
345144677
330645002
726967003
258656311
972208797
1172394811
172271515
925700216
925538809
407708370
130860916
779140793
158212930
251218679
273806141
905899202
915490712
7804217
451204310
7638038
178764184
915122586
420616760
490024167
252328848
625243582
466569114
438826414
516190592
512965557
1120112641
672062132
389414674
104363856
105017505
864130967
284646968
770276029
592780608
936988772
455146447
877388710
531147005
335486081
112574948
185719779
171543471
1259711662
262854105
876593734
380575517
25306466
490182347
272641112
990728169
970810203
277265791
940980316
13877493
864988194
243684426
215392654
1033487161
1030369308
435849121
990568004
514517262
513324841
598010610
501501016
424400187
893959202
506902234
285985826
313683879
502702535
398930694
471535083
499983902
478777944
476496913
892993023
501233718
382714584
732849934
869126237
463344218
392124369
130888258
791420855
513440401
819131410
979516000
273516187
451702963
258290232
258114989
971786948
893990544
948658978
86740280
345792330
475832261
278125377
772388721
76312198
740033659
68503256
591999566
275834902
275495018
346993918
350295537
674245154
593496621
496729103
83891980
308239170
575797831
84896218
421870245
262865975
469223639
460854427
576529077
357695136
763122663
273970982
546208571
779704023
337358362
371652026
755480684
359068431
245639198
350795669
553071636
897171454
951863950
349557084
522924501
542021907
747035224
837983444
357331859
541649577
349789602
525614741
1041039210
657549983
673996290
271989658
563755921
568359680
309052630
527162527
294582049
215296147
87610029
846074090
281764376
562245013
283782016
526336249
110825254
524461442
591675553
22997616
573372068
572492129
709587978
115624535
981386308
282627737
285056992
296272866
652531409
41640
649026561
649343431
1052527599
598198204
115628754
306215860
297230498
297272687
120069646
289465589
623461405
1046471648
718328572
553723468
87868521
86026883
644316057
117723369
1154799477
617934741
63301546
617587227
345019428
845921001
1273297961
27592323
342709815
738357275
1847739
139712580
328189588
497050607
437945841
464212626
542971218
383018386
382238290
363917924
421506284
335370287
494221004
4436029
377103678
491887573
563382025
514390118
48384397
31445004
895835308
387754905
390071471
573362061
52765064
745603957
497503934
348585916
386794074
384197907
475067018
271367272
314159686
7971737
1195400095
574002117
309067598
53835124
1403539404
869999519
85030554
470875664
393229343
576606625
495662371
26693965
467444670
278267637
114490106
276686720
515441418
149652732
635539872
83737617
378462790
1090651258
107356913
185800618
245230538
263606069
83347306
273153139
277362733
274892297
113270157
1142392863
839702008
408810797
103205474
348615350
66177749
381010668
89285575
200907125
15066325
760525313
190054222
173510489
747718468
158784714
245416697
120454884
715470054
1144104417
783520421
747994300
692245154
121399173
287522705
155365601
751344545
253503700
441276624
407585044
1173483215
307338794
412822094
88586569
308597145
1178811755
952280318
964166100
1134733742
306713424
306452570
863362379
990393828
937210822
987499536
309591458
674426461
956530190
602042620
1239886976
601638693
593361302
1060088063
982684641
980668823
651203580
422378499
398392743
290460259
54662912
623458291
86704651
1016299414
515978008
419899404
1019822286
399699059
441874500
1348964862
303846988
670885329
957782311
1150083174
420048332
459859927
420503501
59772923
396587341
450109371
429311654
362229862
772553909
522267923
787736253
515689918
470040214
512033456
753960783
254668408
421368612
517044908
4853364
513139760
364663149
513491837
363220411
819551341
356927661
523101686
375733941
515012204
759469247
626948076
4195744
138299600
352599349
812515260
810658145
369728574
352408320
820740694
940734201
1043480893
932889406
584217999
516156290
497680951
315897666
350071868
531999107
370772349
2462558
35115947
825808741
824748798
823673020
652588786
835308955
826386343
2609244
